47
49
50
51
52
57
67
69
71
72
74
80
83
84
88
93
94
96
101
104
105
109
114
117
118
120
121
122
123
124
127
128
129
131
132
133
135
137
142
144
148
153
154
159
160
166
171
172
173
174
175
177
179
180
183
184
186
187
188
192
196
198
205
208
212
224
226
227
229
232
236
237
245
255
265
266
269
277
278
281
283
284
290
291
299
303
305
306
308
314
315
316
320
322
326
327
338
342
344
345
346
346
348
353
355
357
359
360
367
369
370
372
375
377
380
381
388
389
394
401
402
403
404
407
408
412
415
423
428
430
437
443
444
451
452
457
462
464
467
469
479
481
487
488
489
497
500
504
506
508
509
516
518
520
523
525
527
529
531
536
539
541
546
547
549
556
557
559
564
570
575
580
581
585
590
591
594
596
600
610
611
618
619
621
622
623
628
629
637
641
642
647
648
649
653
654
656
657
662
663
664
665
666
667
671
672
674
680
733
826
827
830
831
832
834
835
836
838
839
841
904
906
908
912
913
921
924
934
935
945
949
952
955
958
965
966
972
975
977
984
986
999
1005
1006
1009
1010
1015
1024
1025
1027
1028
1029
1042
1049
1054
1055
1077
1088
1104
1107
1111
1112
1114
1144
1150
1198
1202
1215
1234
1237
1241
1242
1246
1250
1252
